Digits=100
mul: 0.000351659
sqr: 0.000320158
div: 0.000390256
sqrt: 0.000625556
exp:  0.00422723
log: 0.0065106
sin: 0.0040121
cos: 0.00323782
acos: 0.0234154
atan: 0.0197258

Digits=1000
mul: 0.00301866
sqr: 0.00153907
div: 0.00360431
sqrt: 0.00314041
exp: 0.1522147
log: 0.1283343
sin: 0.1427315
cos: 0.1364976
acos: 0.243044
atan: 0.231195

Digits=10000
mul: 0.1211718
sqr: 0.0620253
div: 0.1965566
sqrt: 0.1700122
exp: 8.59932
log: 8.292624
sin: 19.043724
cos: 19.050907
acos: 15.42632
atan: 13.73168

